117440512     117440576     117440640     117440704     117440768     117440832     117440896     117440960        
117441024     117441088     117441152     117441216     117441280     117441344     117441408     117441472        
117441536     117441600     117441664     117441728     117441792     117441856     117441920     117441984        
117442048     117442112     117442176     117442240     117442304     117442368     117442432     117442496        
117442560     117442624     117442688     117442752     117442816     117442880     117442944     117443008        
117443072     117443136     117443200     117443264     117443328     117443392     117443456     117443520        
117443584     117443648     117443712     117443776     117443840     117443904     117443968     117444032        
117444096     117444160     117444224     117444288     117444352     117444416     117444480     117444544        
117444608     117444672     117444736     117444800     117444864     117444928     117444992     117445056        
117445120     117445184     117445248     117445312     117445376     117445440     117445504     117445568        
117445632     117445696     117445760     117445824     117445888     117445952     117446016     117446080        
117446144     117446208     117446272     117446336     117446400     117446464     117446528     117446592        
117446656     117446720     117446784     117446848     117446912     117446976     117447040     117447104        
117447168     117447232     117447296     117447360     117447424     117447488     117447552     117447616        
117447680     117447744     117447808     117447872     117447936     117448000     117448064     117448128        
117448192     117448256     117448320     117448384     117448448     117448512     117448576     117448640        
117448704     117448768     117448832     117448896     117448960     117449024     117449088     117449152        
117449216     117449280     117449344     117449408     117449472     117449536     117449600     117449664        
117449728     117449792     117449856     117449920     117449984     117450048     117450112     117450176        
117450240     117450304     117450368     117450432     117450496     117450560     117450624     117450688        
117450752     117450816     117450880     117450944     117451008     117451072     117451136     117451200        
117451264     117451328     117451392     117451456     117451520     117451584     117451648     117451712        
117451776     117451840     117451904     117451968     117452032     117452096     117452160     117452224        
117452288     117452352     117452416     117452480     117452544     117452608     117452672     117452736        
117452800     117452864     117452928     117452992     117453056     117453120     117453184     117453248        
117453312     117453376     117453440     117453504     117453568     117453632     117453696     117453760        
117453824     117453888     117453952     117454016     117454080     117454144     117454208     117454272        
117454336     117454400     117454464     117454528     117454592     117454656     117454720     117454784        
117454848     117454912     117454976     117455040     117455104     117455168     117455232     117455296        
117455360     117455424     117455488     117455552     117455616     117455680     117455744     117455808        
117455872     117455936     117456000     117456064     117456128     117456192     117456256     117456320        
117456384     117456448     117456512     117456576     117456640     117456704     117456768     117456832        
117456896     117456960     117457024     117457088     117457152     117457216     117457280     117457344        
117457408     117457472     117457536     117457600     117457664     117457728     117457792     117457856        
117457920     117457984     117458048     117458112     117458176     117458240     117458304     117458368        
117458432     117458496     117458560     117458624     117458688     117458752     117458816     117458880        
117458944     117459008     117459072     117459136     117459200     117459264     117459328     117459392        
117459456     117459520     117459584     117459648     117459712     117459776     117459840     117459904        
117459968     117460032     117460096     117460160     117460224     117460288     117460352     117460416        
117460480     117460544     117460608     117460672     117460736     117460800     117460864     117460928        
117460992     117461056     117461120     117461184     117461248     117461312     117461376     117461440        
117461504     117461568     117461632     117461696     117461760     117461824     117461888     117461952        
117462016     117462080     117462144     117462208     117462272     117462336     117462400     117462464        
117462528     117462592     117462656     117462720     117462784     117462848     117462912     117462976        
117463040     117463104     117463168     117463232     117463296     117463360     117463424     117463488        
117463552     117463616     117463680     117463744     117463808     117463872     117463936     117464000        
117464064     117464128     117464192     117464256     117464320     117464384     117464448     117464512        
117464576     117464640     117464704     117464768     117464832     117464896     117464960     117465024        
117465088     117465152     117465216     117465280     117465344     117465408     117465472     117465536        
117465600     117465664     117465728     117465792     117465856     117465920     117465984     117466048        
117466112     117466176     117466240     117466304     117466368     117466432     117466496     117466560        
117466624     117466688     117466752     117466816     117466880     117466944     117467008     117467072        
117467136     117467200     117467264     117467328     117467392     117467456     117467520     117467584        
117467648     117467712     117467776     117467840     117467904     117467968     117468032     117468096        
117468160     117468224     117468288     117468352     117468416     117468480     117468544     117468608        
117468672     117468736     117468800     117468864     117468928     117468992     117469056     117469120        
117469184     117469248     117469312     117469376     117469440     117469504     117469568     117469632        
117469696     117469760     117469824     117469888     117469952     117470016     117470080     117470144        
117470208     117470272     117470336     117470400     117470464     117470528     117470592     117470656        
117470720     117470784     117470848     117470912     117470976     117471040     117471104     117471168        
117471232     117471296     117471360     117471424     117471488     117471552     117471616     117471680        
117471744     117471808     117471872     117471936     117472000     117472064     117472128     117472192        
117472256     117472320     117472384     117472448     117472512     117472576     117472640     117472704        
117472768     117472832     117472896     117472960     117473024     117473088     117473152     117473216        
117473280     117473344     117473408     117473472     117473536     117473600     117473664     117473728        
117473792     117473856     117473920     117473984     117474048     117474112     117474176     117474240        
117474304     117474368     117474432     117474496     117474560     117474624     117474688     117474752        
117474816     117474880     117474944     117475008     117475072     117475136     117475200     117475264        
117475328     117475392     117475456     117475520     117475584     117475648     117475712     117475776        
117475840     117475904     117475968     117476032     117476096     117476160     117476224     117476288        
117476352     117476416     117476480     117476544     117476608     117476672     117476736     117476800        
117476864     117476928     117476992     117477056     117477120     117477184     117477248     117477312        
117477376     117477440     117477504     117477568     117477632     117477696     117477760     117477824        
117477888     117477952     117478016     117478080     117478144     117478208     117478272     117478336        
117478400     117478464     117478528     117478592     117478656     117478720     117478784     117478848        
117478912     117478976     117479040     117479104     117479168     117479232     117479296     117479360        
117479424     117479488     117479552     117479616     117479680     117479744     117479808     117479872        
117479936     117480000     117480064     117480128     117480192     117480256     117480320     117480384        
117480448     117480512     117480576     117480640     117480704     117480768     117480832     117480896        
117480960     117481024     117481088     117481152     117481216     117481280     117481344     117481408        
117481472     117481536     117481600     117481664     117481728     117481792     117481856     117481920        
117481984     117482048     117482112     117482176     117482240     117482304     117482368     117482432        
117482496     117482560     117482624     117482688     117482752     117482816     117482880     117482944        
117483008     117483072     117483136     117483200     117483264     117483328     117483392     117483456        
117483520     117483584     117483648     117483712     117483776     117483840     117483904     117483968        
117484032     117484096     117484160     117484224     117484288     117484352     117484416     117484480        
117484544     117484608     117484672     117484736     117484800     117484864     117484928     117484992        
117485056     117485120     117485184     117485248     117485312     117485376     117485440     117485504        
117485568     117485632     117485696     117485760     117485824     117485888     117485952     117486016        
117486080     117486144     117486208     117486272     117486336     117486400     117486464     117486528        
117486592     117486656     117486720     117486784     117486848     117486912     117486976     117487040        
117487104     117487168     117487232     117487296     117487360     117487424     117487488     117487552        
117487616     117487680     117487744     117487808     117487872     117487936     117488000     117488064        
117488128     117488192     117488256     117488320     117488384     117488448     117488512     117488576        
117488640     117488704     117488768     117488832     117488896     117488960     117489024     117489088        
117489152     117489216     117489280     117489344     117489408     117489472     117489536     117489600        
117489664     117489728     117489792     117489856     117489920     117489984     117490048     117490112        
117490176     117490240     117490304     117490368     117490432     117490496     117490560     117490624        
117490688     117490752     117490816     117490880     117490944     117491008     117491072     117491136        
117491200     117491264     117491328     117491392     117491456     117491520     117491584     117491648        
117491712     117491776     117491840     117491904     117491968     117492032     117492096     117492160        
117492224     117492288     117492352     117492416     117492480     117492544     117492608     117492672        
117492736     117492800     117492864     117492928     117492992     117493056     117493120     117493184        
117493248     117493312     117493376     117493440     117493504     117493568     117493632     117493696        
117493760     117493824     117493888     117493952     117494016     117494080     117494144     117494208        
117494272     117494336     117494400     117494464     117494528     117494592     117494656     117494720        
117494784     117494848     117494912     117494976     117495040     117495104     117495168     117495232        
117495296     117495360     117495424     117495488     117495552     117495616     117495680     117495744        
117495808     117495872     117495936     117496000     117496064     117496128     117496192     117496256        
117496320     117496384     117496448     117496512     117496576     117496640     117496704     117496768        
117496832     117496896     117496960     117497024     117497088     117497152     117497216     117497280        
117497344     117497408     117497472     117497536     117497600     117497664     117497728     117497792        
117497856     117497920     117497984     117498048     117498112     117498176     117498240     117498304        
117498368     117498432     117498496     117498560     117498624     117498688     117498752     117498816        
117498880     117498944     117499008     117499072     117499136     117499200     117499264     117499328        
117499392     117499456     117499520     117499584     117499648     117499712     117499776     117499840        
117499904     117499968     117500032     117500096     117500160     117500224     117500288     117500352        
117500416     117500480     117500544     117500608     117500672     117500736     117500800     117500864        
117500928     117500992     117501056     117501120     117501184     117501248     117501312     117501376        
117501440     117501504     117501568     117501632     117501696     117501760     117501824     117501888        
117501952     117502016     117502080     117502144     117502208     117502272     117502336     117502400        
117502464     117502528     117502592     117502656     117502720     117502784     117502848     117502912        
117502976     117503040     117503104     117503168     117503232     117503296     117503360     117503424        
117503488     117503552     117503616     117503680     117503744     117503808     117503872     117503936        
117504000     117504064     117504128     117504192     117504256     117504320     117504384     117504448        
117504512     117504576     117504640     117504704     117504768     117504832     117504896     117504960        
117505024     117505088     117505152     117505216     117505280     117505344     117505408     117505472        
117505536     117505600     117505664     117505728     117505792     117505856     117505920     117505984        
117506048     117506112     117506176     117506240     117506304     117506368     117506432     117506496        
117506560     117506624     117506688     117506752     117506816     117506880     117506944     117507008        
117507072     117507136     117507200     117507264     117507328     117507392     117507456     117507520        
117507584     117507648     117507712     117507776     117507840     117507904     117507968     117508032        
118032384     118032448     118032512     118032576     118032640     118032704     118032768     118032832        
118032896     118032960     118033024     118033088     118033152     118033216     118033280     118033344        
118033408     118033472     118033536     118033600     118033664     118033728     118033792     118033856        
118033920     118033984     118034048     118034112     118034176     118034240     118034304     118034368        
118034432     118034496     118034560     118034624     118034688     118034752     118034816     118034880        
118034944     118035008     118035072     118035136     118035200     118035264     118035328     118035392        
118035456     118035520     118035584     118035648     118035712     118035776     118035840     118035904        
118035968     118036032     118036096     118036160     118036224     118036288     118036352     118036416        
118036480     118036544     118036608     118036672     118036736     118036800     118036864     118036928        
118036992     118037056     118037120     118037184     118037248     118037312     118037376     118037440        
118037504     118037568     118037632     118037696     118037760     118037824     118037888     118037952        
118038016     118038080     118038144     118038208     118038272     118038336     118038400     118038464        
118038528     118038592     118038656     118038720     118038784     118038848     118038912     118038976        
118039040     118039104     118039168     118039232     118039296     118039360     118039424     118039488        
118039552     118039616     118039680     118039744     118039808     118039872     118039936     118040000        
118040064     118040128     118040192     118040256     118040320     118040384     118040448     118040512        
118040576     118040640     118040704     118040768     118040832     118040896     118040960     118041024        
118041088     118041152     118041216     118041280     118041344     118041408     118041472     118041536        
118041600     118041664     118041728     118041792     118041856     118041920     118041984     118042048        
118042112     118042176     118042240     118042304     118042368     118042432     118042496     118042560        
118042624     118042688     118042752     118042816     118042880     118042944     118043008     118043072        
118043136     118043200     118043264     118043328     118043392     118043456     118043520     118043584        
118043648     118043712     118043776     118043840     118043904     118043968     118044032     118044096        
118044160     118044224     118044288     118044352     118044416     118044480     118044544     118044608        
118044672     118044736     118044800     118044864     118044928     118044992     118045056     118045120        
118045184     118045248     118045312     118045376     118045440     118045504     118045568     118045632        
118045696     118045760     118045824     118045888     118045952     118046016     118046080     118046144        
118046208     118046272     118046336     118046400     118046464     118046528     118046592     118046656        
118046720     118046784     118046848     118046912     118046976     118047040     118047104     118047168        
118047232     118047296     118047360     118047424     118047488     118047552     118047616     118047680        
118047744     118047808     118047872     118047936     118048000     118048064     118048128     118048192        
118048256     118048320     118048384     118048448     118048512     118048576     118048640     118048704        
118048768     118048832     118048896     118048960     118049024     118049088     118049152     118049216        
118049280     118049344     118049408     118049472     118049536     118049600     118049664     118049728        
118049792     118049856     118049920     118049984     118050048     118050112     118050176     118050240        
118050304     118050368     118050432     118050496     118050560     118050624     118050688     118050752        
118050816     118050880     118050944     118051008     118051072     118051136     118051200     118051264        
118051328     118051392     118051456     118051520     118051584     118051648     118051712     118051776        
118051840     118051904     118051968     118052032     118052096     118052160     118052224     118052288        
118052352     118052416     118052480     118052544     118052608     118052672     118052736     118052800        
118052864     118052928     118052992     118053056     118053120     118053184     118053248     118053312        
118053376     118053440     118053504     118053568     118053632     118053696     118053760     118053824        
118053888     118053952     118054016     118054080     118054144     118054208     118054272     118054336        
118054400     118054464     118054528     118054592     118054656     118054720     118054784     118054848        
118054912     118054976     118055040     118055104     118055168     118055232     118055296     118055360        
118055424     118055488     118055552     118055616     118055680     118055744     118055808     118055872        
118055936     118056000     118056064     118056128     118056192     118056256     118056320     118056384        
118056448     118056512     118056576     118056640     118056704     118056768     118056832     118056896        
118056960     118057024     118057088     118057152     118057216     118057280     118057344     118057408        
118057472     118057536     118057600     118057664     118057728     118057792     118057856     118057920        
118057984     118058048     118058112     118058176     118058240     118058304     118058368     118058432        
118058496     118058560     118058624     118058688     118058752     118058816     118058880     118058944        
118059008     118059072     118059136     118059200     118059264     118059328     118059392     118059456        
118059520     118059584     118059648     118059712     118059776     118059840     118059904     118059968        
118060032     118060096     118060160     118060224     118060288     118060352     118060416     118060480        
118060544     118060608     118060672     118060736     118060800     118060864     118060928     118060992        
118061056     118061120     118061184     118061248     118061312     118061376     118061440     118061504        
118061568     118061632     118061696     118061760     118061824     118061888     118061952     118062016        
118062080     118062144     118062208     118062272     118062336     118062400     118062464     118062528        
118062592     118062656     118062720     118062784     118062848     118062912     118062976     118063040        
118063104     118063168     118063232     118063296     118063360     118063424     118063488     118063552        
118063616     118063680     118063744     118063808     118063872     118063936     118064000     118064064        
118064128     118064192     118064256     118064320     118064384     118064448     118064512     118064576        
118064640     118064704     118064768     118064832     118064896     118064960     118065024     118065088        
118065152     118065216     118065280     118065344     118065408     118065472     118065536     118065600        
118065664     118065728     118065792     118065856     118065920     118065984     118066048     118066112        
118066176     118066240     118066304     118066368     118066432     118066496     118066560     118066624        
118066688     118066752     118066816     118066880     118066944     118067008     118067072     118067136        
118067200     118067264     118067328     118067392     118067456     118067520     118067584     118067648        
118067712     118067776     118067840     118067904     118067968     118068032     118068096     118068160        
118068224     118068288     118068352     118068416     118068480     118068544     118068608     118068672        
118068736     118068800     118068864     118068928     118068992     118069056     118069120     118069184        
118069248     118069312     118069376     118069440     118069504     118069568     118069632     118069696        
118069760     118069824     118069888     118069952     118070016     118070080     118070144     118070208        
118070272     118070336     118070400     118070464     118070528     118070592     118070656     118070720        
118070784     118070848     118070912     118070976     118071040     118071104     118071168     118071232        
118071296     118071360     118071424     118071488     118071552     118071616     118071680     118071744        
118071808     118071872     118071936     118072000     118072064     118072128     118072192     118072256        
118072320     118072384     118072448     118072512     118072576     118072640     118072704     118072768        
118072832     118072896     118072960     118073024     118073088     118073152     118073216     118073280        
118073344     118073408     118073472     118073536     118073600     118073664     118073728     118073792        
118073856     118073920     118073984     118074048     118074112     118074176     118074240     118074304        
118074368     118074432     118074496     118074560     118074624     118074688     118074752     118074816        
118074880     118074944     118075008     118075072     118075136     118075200     118075264     118075328        
118075392     118075456     118075520     118075584     118075648     118075712     118075776     118075840        
118075904     118075968     118076032     118076096     118076160     118076224     118076288     118076352        
118076416     118076480     118076544     118076608     118076672     118076736     118076800     118076864        
118076928     118076992     118077056     118077120     118077184     118077248     118077312     118077376        
118077440     118077504     118077568     118077632     118077696     118077760     118077824     118077888        
118077952     118078016     118078080     118078144     118078208     118078272     118078336     118078400        
118078464     118078528     118078592     118078656     118078720     118078784     118078848     118078912        
118078976     118079040     118079104     118079168     118079232     118079296     118079360     118079424        
118079488     118079552     118079616     118079680     118079744     118079808     118079872     118079936        
118080000     118080064     118080128     118080192     118080256     118080320     118080384     118080448        
118080512     118080576     118080640     118080704     118080768     118080832     118080896     118080960        
118081024     118081088     118081152     118081216     118081280     118081344     118081408     118081472        
118081536     118081600     118081664     118081728     118081792     118081856     118081920     118081984        
118082048     118082112     118082176     118082240     118082304     118082368     118082432     118082496        
118082560     118082624     118082688     118082752     118082816     118082880     118082944     118083008        
118083072     118083136     118083200     118083264     118083328     118083392     118083456     118083520        
118083584     118083648     118083712     118083776     118083840     118083904     118083968     118084032        
118084096     118084160     118084224     118084288     118084352     118084416     118084480     118084544        
118084608     118084672     118084736     118084800     118084864     118084928     118084992     118085056        
118085120     118085184     118085248     118085312     118085376     118085440     118085504     118085568        
118085632     118085696     118085760     118085824     118085888     118085952     118086016     118086080        
118086144     118086208     118086272     118086336     118086400     118086464     118086528     118086592        
118086656     118086720     118086784     118086848     118086912     118086976     118087040     118087104        
118087168     118087232     118087296     118087360     118087424     118087488     118087552     118087616        
118087680     118087744     118087808     118087872     118087936     118088000     118088064     118088128        
118088192     118088256     118088320     118088384     118088448     118088512     118088576     118088640        
118088704     118088768     118088832     118088896     118088960     118089024     118089088     118089152        
118089216     118089280     118089344     118089408     118089472     118089536     118089600     118089664        
118089728     118089792     118089856     118089920     118089984     118090048     118090112     118090176        
118090240     118090304     118090368     118090432     118090496     118090560     118090624     118090688        
118090752     118090816     118090880     118090944     118091008     118091072     118091136     118091200        
118091264     118091328     118091392     118091456     118091520     118091584     118091648     118091712        
118091776     118091840     118091904     118091968     118092032     118092096     118092160     118092224        
118092288     118092352     118092416     118092480     118092544     118092608     118092672     118092736        
118092800     118092864     118092928     118092992     118093056     118093120     118093184     118093248        
118093312     118093376     118093440     118093504     118093568     118093632     118093696     118093760        
118093824     118093888     118093952     118094016     118094080     118094144     118094208     118094272        
118094336     118094400     118094464     118094528     118094592     118094656     118094720     118094784        
118094848     118094912     118094976     118095040     118095104     118095168     118095232     118095296        
118095360     118095424     118095488     118095552     118095616     118095680     118095744     118095808        
118095872     118095936     118096000     118096064     118096128     118096192     118096256     118096320        
118096384     118096448     118096512     118096576     118096640     118096704     118096768     118096832        
118096896     118096960     118097024     118097088     118097152     118097216     118097280     118097344        
118097408     118097472     118097536     118097600     118097664     118097728     118097792     118097856        
118097920     118097984     118098048     118098112     118098176     118098240     118098304     118098368        
118098432     118098496     118098560     118098624     118098688     118098752     118098816     118098880        
118098944     118099008     118099072     118099136     118099200     118099264     118099328     118099392        
118099456     118099520     118099584     118099648     118099712     118099776     118099840     118099904        

118624256     118624320     118624384     118624448     118624512     118624576     118624640     118624704        
118624768     118624832     118624896     118624960     118625024     118625088     118625152     118625216        
118625280     118625344     118625408     118625472     118625536     118625600     118625664     118625728        
118625792     118625856     118625920     118625984     118626048     118626112     118626176     118626240        
118626304     118626368     118626432     118626496     118626560     118626624     118626688     118626752        
118626816     118626880     118626944     118627008     118627072     118627136     118627200     118627264        
118627328     118627392     118627456     118627520     118627584     118627648     118627712     118627776        
118627840     118627904     118627968     118628032     118628096     118628160     118628224     118628288        
118628352     118628416     118628480     118628544     118628608     118628672     118628736     118628800        
118628864     118628928     118628992     118629056     118629120     118629184     118629248     118629312        
118629376     118629440     118629504     118629568     118629632     118629696     118629760     118629824        
118629888     118629952     118630016     118630080     118630144     118630208     118630272     118630336        
118630400     118630464     118630528     118630592     118630656     118630720     118630784     118630848        
118630912     118630976     118631040     118631104     118631168     118631232     118631296     118631360        
118631424     118631488     118631552     118631616     118631680     118631744     118631808     118631872        
118631936     118632000     118632064     118632128     118632192     118632256     118632320     118632384        
118632448     118632512     118632576     118632640     118632704     118632768     118632832     118632896        
118632960     118633024     118633088     118633152     118633216     118633280     118633344     118633408        
118633472     118633536     118633600     118633664     118633728     118633792     118633856     118633920        
118633984     118634048     118634112     118634176     118634240     118634304     118634368     118634432        
118634496     118634560     118634624     118634688     118634752     118634816     118634880     118634944        
118635008     118635072     118635136     118635200     118635264     118635328     118635392     118635456        
118635520     118635584     118635648     118635712     118635776     118635840     118635904     118635968        
118636032     118636096     118636160     118636224     118636288     118636352     118636416     118636480        
118636544     118636608     118636672     118636736     118636800     118636864     118636928     118636992        
118637056     118637120     118637184     118637248     118637312     118637376     118637440     118637504        
118637568     118637632     118637696     118637760     118637824     118637888     118637952     118638016        
118638080     118638144     118638208     118638272     118638336     118638400     118638464     118638528        
118638592     118638656     118638720     118638784     118638848     118638912     118638976     118639040        
118639104     118639168     118639232     118639296     118639360     118639424     118639488     118639552        
118639616     118639680     118639744     118639808     118639872     118639936     118640000     118640064        
118640128     118640192     118640256     118640320     118640384     118640448     118640512     118640576        
118640640     118640704     118640768     118640832     118640896     118640960     118641024     118641088        
118641152     118641216     118641280     118641344     118641408     118641472     118641536     118641600        
118641664     118641728     118641792     118641856     118641920     118641984     118642048     118642112        
118642176     118642240     118642304     118642368     118642432     118642496     118642560     118642624        
118642688     118642752     118642816     118642880     118642944     118643008     118643072     118643136        
118643200     118643264     118643328     118643392     118643456     118643520     118643584     118643648        
118643712     118643776     118643840     118643904     118643968     118644032     118644096     118644160        
118644224     118644288     118644352     118644416     118644480     118644544     118644608     118644672        
118644736     118644800     118644864     118644928     118644992     118645056     118645120     118645184        
118645248     118645312     118645376     118645440     118645504     118645568     118645632     118645696        
118645760     118645824     118645888     118645952     118646016     118646080     118646144     118646208        
118646272     118646336     118646400     118646464     118646528     118646592     118646656     118646720        
118646784     118646848     118646912     118646976     118647040     118647104     118647168     118647232        
118647296     118647360     118647424     118647488     118647552     118647616     118647680     118647744        
118647808     118647872     118647936     118648000     118648064     118648128     118648192     118648256        
118648320     118648384     118648448     118648512     118648576     118648640     118648704     118648768        
118648832     118648896     118648960     118649024     118649088     118649152     118649216     118649280        
118649344     118649408     118649472     118649536     118649600     118649664     118649728     118649792        
118649856     118649920     118649984     118650048     118650112     118650176     118650240     118650304        
118650368     118650432     118650496     118650560     118650624     118650688     118650752     118650816        
118650880     118650944     118651008     118651072     118651136     118651200     118651264     118651328        
118651392     118651456     118651520     118651584     118651648     118651712     118651776     118651840        
118651904     118651968     118652032     118652096     118652160     118652224     118652288     118652352        
118652416     118652480     118652544     118652608     118652672     118652736     118652800     118652864        
118652928     118652992     118653056     118653120     118653184     118653248     118653312     118653376        
118653440     118653504     118653568     118653632     118653696     118653760     118653824     118653888        
118653952     118654016     118654080     118654144     118654208     118654272     118654336     118654400        
118654464     118654528     118654592     118654656     118654720     118654784     118654848     118654912        
118654976     118655040     118655104     118655168     118655232     118655296     118655360     118655424        
118655488     118655552     118655616     118655680     118655744     118655808     118655872     118655936        
118656000     118656064     118656128     118656192     118656256     118656320     118656384     118656448        
118656512     118656576     118656640     118656704     118656768     118656832     118656896     118656960        
118657024     118657088     118657152     118657216     118657280     118657344     118657408     118657472        
118657536     118657600     118657664     118657728     118657792     118657856     118657920     118657984        
118658048     118658112     118658176     118658240     118658304     118658368     118658432     118658496        
118658560     118658624     118658688     118658752     118658816     118658880     118658944     118659008        
118659072     118659136     118659200     118659264     118659328     118659392     118659456     118659520        
118659584     118659648     118659712     118659776     118659840     118659904     118659968     118660032        
118660096     118660160     118660224     118660288     118660352     118660416     118660480     118660544        
118660608     118660672     118660736     118660800     118660864     118660928     118660992     118661056        
118661120     118661184     118661248     118661312     118661376     118661440     118661504     118661568        
118661632     118661696     118661760     118661824     118661888     118661952     118662016     118662080        
118662144     118662208     118662272     118662336     118662400     118662464     118662528     118662592        
118662656     118662720     118662784     118662848     118662912     118662976     118663040     118663104        
118663168     118663232     118663296     118663360     118663424     118663488     118663552     118663616        
118663680     118663744     118663808     118663872     118663936     118664000     118664064     118664128        
118664192     118664256     118664320     118664384     118664448     118664512     118664576     118664640        
118664704     118664768     118664832     118664896     118664960     118665024     118665088     118665152        
118665216     118665280     118665344     118665408     118665472     118665536     118665600     118665664        
118665728     118665792     118665856     118665920     118665984     118666048     118666112     118666176        
118666240     118666304     118666368     118666432     118666496     118666560     118666624     118666688        
118666752     118666816     118666880     118666944     118667008     118667072     118667136     118667200        
118667264     118667328     118667392     118667456     118667520     118667584     118667648     118667712        
118667776     118667840     118667904     118667968     118668032     118668096     118668160     118668224        
118668288     118668352     118668416     118668480     118668544     118668608     118668672     118668736        
118668800     118668864     118668928     118668992     118669056     118669120     118669184     118669248        
118669312     118669376     118669440     118669504     118669568     118669632     118669696     118669760        
118669824     118669888     118669952     118670016     118670080     118670144     118670208     118670272        
118670336     118670400     118670464     118670528     118670592     118670656     118670720     118670784        
118670848     118670912     118670976     118671040     118671104     118671168     118671232     118671296        
118671360     118671424     118671488     118671552     118671616     118671680     118671744     118671808        
118671872     118671936     118672000     118672064     118672128     118672192     118672256     118672320        
118672384     118672448     118672512     118672576     118672640     118672704     118672768     118672832        
118672896     118672960     118673024     118673088     118673152     118673216     118673280     118673344        
118673408     118673472     118673536     118673600     118673664     118673728     118673792     118673856        
118673920     118673984     118674048     118674112     118674176     118674240     118674304     118674368        
118674432     118674496     118674560     118674624     118674688     118674752     118674816     118674880        
118674944     118675008     118675072     118675136     118675200     118675264     118675328     118675392        
118675456     118675520     118675584     118675648     118675712     118675776     118675840     118675904        
118675968     118676032     118676096     118676160     118676224     118676288     118676352     118676416        
118676480     118676544     118676608     118676672     118676736     118676800     118676864     118676928        
118676992     118677056     118677120     118677184     118677248     118677312     118677376     118677440        
118677504     118677568     118677632     118677696     118677760     118677824     118677888     118677952        
118678016     118678080     118678144     118678208     118678272     118678336     118678400     118678464        
118678528     118678592     118678656     118678720     118678784     118678848     118678912     118678976        
118679040     118679104     118679168     118679232     118679296     118679360     118679424     118679488        
118679552     118679616     118679680     118679744     118679808     118679872     118679936     118680000        
118680064     118680128     118680192     118680256     118680320     118680384     118680448     118680512        
118680576     118680640     118680704     118680768     118680832     118680896     118680960     118681024        
118681088     118681152     118681216     118681280     118681344     118681408     118681472     118681536        
118681600     118681664     118681728     118681792     118681856     118681920     118681984     118682048        
118682112     118682176     118682240     118682304     118682368     118682432     118682496     118682560        
118682624     118682688     118682752     118682816     118682880     118682944     118683008     118683072        
118683136     118683200     118683264     118683328     118683392     118683456     118683520     118683584        
118683648     118683712     118683776     118683840     118683904     118683968     118684032     118684096        
118684160     118684224     118684288     118684352     118684416     118684480     118684544     118684608        
118684672     118684736     118684800     118684864     118684928     118684992     118685056     118685120        
118685184     118685248     118685312     118685376     118685440     118685504     118685568     118685632        
118685696     118685760     118685824     118685888     118685952     118686016     118686080     118686144        
118686208     118686272     118686336     118686400     118686464     118686528     118686592     118686656        
118686720     118686784     118686848     118686912     118686976     118687040     118687104     118687168        
118687232     118687296     118687360     118687424     118687488     118687552     118687616     118687680        
118687744     118687808     118687872     118687936     118688000     118688064     118688128     118688192        
118688256     118688320     118688384     118688448     118688512     118688576     118688640     118688704        
118688768     118688832     118688896     118688960     118689024     118689088     118689152     118689216        
118689280     118689344     118689408     118689472     118689536     118689600     118689664     118689728        
118689792     118689856     118689920     118689984     118690048     118690112     118690176     118690240        
118690304     118690368     118690432     118690496     118690560     118690624     118690688     118690752        
118690816     118690880     118690944     118691008     118691072     118691136     118691200     118691264        
118691328     118691392     118691456     118691520     118691584     118691648     118691712     118691776        
118691840     118691904     118691968     118692032     118692096     118692160     118692224     118692288        
118692352     118692416     118692480     118692544     118692608     118692672     118692736     118692800        
118692864     118692928     118692992     118693056     118693120     118693184     118693248     118693312        
118693376     118693440     118693504     118693568     118693632     118693696     118693760     118693824        
118693888     118693952     118694016     118694080     118694144     118694208     118694272     118694336        
118694400     118694464     118694528     118694592     118694656     118694720     118694784     118694848        
118694912     118694976     118695040     118695104     118695168     118695232     118695296     118695360        
118695424     118695488     118695552     118695616     118695680     118695744     118695808     118695872        
118695936     118696000     118696064     118696128     118696192     118696256     118696320     118696384        
118696448     118696512     118696576     118696640     118696704     118696768     118696832     118696896        
118696960     118697024     118697088     118697152     118697216     118697280     118697344     118697408        
118697472     118697536     118697600     118697664     118697728     118697792     118697856     118697920        
119222272     119222336     119222400     119222464     119222528     119222592     119222656     119222720        
119222784     119222848     119222912     119222976     119223040     119223104     119223168     119223232        
119223296     119223360     119223424     119223488     119223552     119223616     119223680     119223744        
119223808     119223872     119223936     119224000     119224064     119224128     119224192     119224256        
119224320     119224384     119224448     119224512     119224576     119224640     119224704     119224768        
119224832     119224896     119224960     119225024     119225088     119225152     119225216     119225280        
119225344     119225408     119225472     119225536     119225600     119225664     119225728     119225792        
119225856     119225920     119225984     119226048     119226112     119226176     119226240     119226304        
119226368     119226432     119226496     119226560     119226624     119226688     119226752     119226816        
119226880     119226944     119227008     119227072     119227136     119227200     119227264     119227328        
119227392     119227456     119227520     119227584     119227648     119227712     119227776     119227840        
119227904     119227968     119228032     119228096     119228160     119228224     119228288     119228352        
119228416     119228480     119228544     119228608     119228672     119228736     119228800     119228864        
119228928     119228992     119229056     119229120     119229184     119229248     119229312     119229376        
119229440     119229504     119229568     119229632     119229696     119229760     119229824     119229888        
119229952     119230016     119230080     119230144     119230208     119230272     119230336     119230400        
119230464     119230528     119230592     119230656     119230720     119230784     119230848     119230912        
119230976     119231040     119231104     119231168     119231232     119231296     119231360     119231424        
119231488     119231552     119231616     119231680     119231744     119231808     119231872     119231936        
119232000     119232064     119232128     119232192     119232256     119232320     119232384     119232448        
119232512     119232576     119232640     119232704     119232768     119232832     119232896     119232960        
119233024     119233088     119233152     119233216     119233280     119233344     119233408     119233472        
119233536     119233600     119233664     119233728     119233792     119233856     119233920     119233984        
119234048     119234112     119234176     119234240     119234304     119234368     119234432     119234496        
119234560     119234624     119234688     119234752     119234816     119234880     119234944     119235008        
119235072     119235136     119235200     119235264     119235328     119235392     119235456     119235520        
119235584     119235648     119235712     119235776     119235840     119235904     119235968     119236032        
119236096     119236160     119236224     119236288     119236352     119236416     119236480     119236544        
119236608     119236672     119236736     119236800     119236864     119236928     119236992     119237056        
119237120     119237184     119237248     119237312     119237376     119237440     119237504     119237568        
119237632     119237696     119237760     119237824     119237888     119237952     119238016     119238080        
119238144     119238208     119238272     119238336     119238400     119238464     119238528     119238592        
119238656     119238720     119238784     119238848     119238912     119238976     119239040     119239104        
119239168     119239232     119239296     119239360     119239424     119239488     119239552     119239616        
119239680     119239744     119239808     119239872     119239936     119240000     119240064     119240128        
119240192     119240256     119240320     119240384     119240448     119240512     119240576     119240640        
119240704     119240768     119240832     119240896     119240960     119241024     119241088     119241152        
119241216     119241280     119241344     119241408     119241472     119241536     119241600     119241664        
119241728     119241792     119241856     119241920     119241984     119242048     119242112     119242176        
119242240     119242304     119242368     119242432     119242496     119242560     119242624     119242688        
119242752     119242816     119242880     119242944     119243008     119243072     119243136     119243200        
119243264     119243328     119243392     119243456     119243520     119243584     119243648     119243712        
119243776     119243840     119243904     119243968     119244032     119244096     119244160     119244224        
119244288     119244352     119244416     119244480     119244544     119244608     119244672     119244736        
119244800     119244864     119244928     119244992     119245056     119245120     119245184     119245248        
119245312     119245376     119245440     119245504     119245568     119245632     119245696     119245760        
119245824     119245888     119245952     119246016     119246080     119246144     119246208     119246272        
119246336     119246400     119246464     119246528     119246592     119246656     119246720     119246784        
119246848     119246912     119246976     119247040     119247104     119247168     119247232     119247296        
119247360     119247424     119247488     119247552     119247616     119247680     119247744     119247808        
119247872     119247936     119248000     119248064     119248128     119248192     119248256     119248320        
119248384     119248448     119248512     119248576     119248640     119248704     119248768     119248832        
119248896     119248960     119249024     119249088     119249152     119249216     119249280     119249344        
119249408     119249472     119249536     119249600     119249664     119249728     119249792     119249856        
119249920     119249984     119250048     119250112     119250176     119250240     119250304     119250368        
119250432     119250496     119250560     119250624     119250688     119250752     119250816     119250880        
119250944     119251008     119251072     119251136     119251200     119251264     119251328     119251392        
119251456     119251520     119251584     119251648     119251712     119251776     119251840     119251904        
119251968     119252032     119252096     119252160     119252224     119252288     119252352     119252416        
119252480     119252544     119252608     119252672     119252736     119252800     119252864     119252928        
119252992     119253056     119253120     119253184     119253248     119253312     119253376     119253440        
119253504     119253568     119253632     119253696     119253760     119253824     119253888     119253952        
119254016     119254080     119254144     119254208     119254272     119254336     119254400     119254464        
119254528     119254592     119254656     119254720     119254784     119254848     119254912     119254976        
119255040     119255104     119255168     119255232     119255296     119255360     119255424     119255488        
119255552     119255616     119255680     119255744     119255808     119255872     119255936     119256000        
119256064     119256128     119256192     119256256     119256320     119256384     119256448     119256512        
119256576     119256640     119256704     119256768     119256832     119256896     119256960     119257024        
119257088     119257152     119257216     119257280     119257344     119257408     119257472     119257536        
119257600     119257664     119257728     119257792     119257856     119257920     119257984     119258048        
119258112     119258176     119258240     119258304     119258368     119258432     119258496     119258560        
119258624     119258688     119258752     119258816     119258880     119258944     119259008     119259072        
119259136     119259200     119259264     119259328     119259392     119259456     119259520     119259584        
119259648     119259712     119259776     119259840     119259904     119259968     119260032     119260096        
119260160     119260224     119260288     119260352     119260416     119260480     119260544     119260608        
119260672     119260736     119260800     119260864     119260928     119260992     119261056     119261120        
119261184     119261248     119261312     119261376     119261440     119261504     119261568     119261632        
119261696     119261760     119261824     119261888     119261952     119262016     119262080     119262144        
119262208     119262272     119262336     119262400     119262464     119262528     119262592     119262656        
119262720     119262784     119262848     119262912     119262976     119263040     119263104     119263168        
119263232     119263296     119263360     119263424     119263488     119263552     119263616     119263680        
119263744     119263808     119263872     119263936     119264000     119264064     119264128     119264192        
119264256     119264320     119264384     119264448     119264512     119264576     119264640     119264704        
119264768     119264832     119264896     119264960     119265024     119265088     119265152     119265216        
119265280     119265344     119265408     119265472     119265536     119265600     119265664     119265728        
119265792     119265856     119265920     119265984     119266048     119266112     119266176     119266240        
119266304     119266368     119266432     119266496     119266560     119266624     119266688     119266752        
119266816     119266880     119266944     119267008     119267072     119267136     119267200     119267264        
119267328     119267392     119267456     119267520     119267584     119267648     119267712     119267776        
119267840     119267904     119267968     119268032     119268096     119268160     119268224     119268288        
119268352     119268416     119268480     119268544     119268608     119268672     119268736     119268800        
119268864     119268928     119268992     119269056     119269120     119269184     119269248     119269312        
119269376     119269440     119269504     119269568     119269632     119269696     119269760     119269824        
119269888     119269952     119270016     119270080     119270144     119270208     119270272     119270336        
119270400     119270464     119270528     119270592     119270656     119270720     119270784     119270848        
119270912     119270976     119271040     119271104     119271168     119271232     119271296     119271360        
119271424     119271488     119271552     119271616     119271680     119271744     119271808     119271872        
119271936     119272000     119272064     119272128     119272192     119272256     119272320     119272384        
119272448     119272512     119272576     119272640     119272704     119272768     119272832     119272896        
119272960     119273024     119273088     119273152     119273216     119273280     119273344     119273408        
119273472     119273536     119273600     119273664     119273728     119273792     119273856     119273920        
119273984     119274048     119274112     119274176     119274240     119274304     119274368     119274432        
119274496     119274560     119274624     119274688     119274752     119274816     119274880     119274944        
119275008     119275072     119275136     119275200     119275264     119275328     119275392     119275456        
119275520     119275584     119275648     119275712     119275776     119275840     119275904     119275968        
119276032     119276096     119276160     119276224     119276288     119276352     119276416     119276480        
119276544     119276608     119276672     119276736     119276800     119276864     119276928     119276992        
119277056     119277120     119277184     119277248     119277312     119277376     119277440     119277504        
119277568     119277632     119277696     119277760     119277824     119277888     119277952     119278016        
119278080     119278144     119278208     119278272     119278336     119278400     119278464     119278528        
119278592     119278656     119278720     119278784     119278848     119278912     119278976     119279040        
119279104     119279168     119279232     119279296     119279360     119279424     119279488     119279552        
119279616     119279680     119279744     119279808     119279872     119279936     119280000     119280064        
119280128     119280192     119280256     119280320     119280384     119280448     119280512     119280576        
119280640     119280704     119280768     119280832     119280896     119280960     119281024     119281088        
119281152     119281216     119281280     119281344     119281408     119281472     119281536     119281600        
119281664     119281728     119281792     119281856     119281920     119281984     119282048     119282112        
119282176     119282240     119282304     119282368     119282432     119282496     119282560     119282624        
119282688     119282752     119282816     119282880     119282944     119283008     119283072     119283136        
119283200     119283264     119283328     119283392     119283456     119283520     119283584     119283648        
119283712     119283776     119283840     119283904     119283968     119284032     119284096     119284160        
119284224     119284288     119284352     119284416     119284480     119284544     119284608     119284672        
119284736     119284800     119284864     119284928     119284992     119285056     119285120     119285184        
119285248     119285312     119285376     119285440     119285504     119285568     119285632     119285696        
119285760     119285824     119285888     119285952     119286016     119286080     119286144     119286208        
119286272     119286336     119286400     119286464     119286528     119286592     119286656     119286720        
119286784     119286848     119286912     119286976     119287040     119287104     119287168     119287232        
119287296     119287360     119287424     119287488     119287552     119287616     119287680     119287744        
119287808     119287872     119287936     119288000     119288064     119288128     119288192     119288256        
119288320     119288384     119288448     119288512     119288576     119288640     119288704     119288768        
119288832     119288896     119288960     119289024     119289088     119289152     119289216     119289280        
119289344     119289408     119289472     119289536     119289600     119289664     119289728     119289792        
119289856     119289920     119289984     119290048     119290112     119290176     119290240     119290304        
119290368     119290432     119290496     119290560     119290624     119290688     119290752     119290816        
119290880     119290944     119291008     119291072     119291136     119291200     119291264     119291328        
119291392     119291456     119291520     119291584     119291648     119291712     119291776     119291840        
119291904     119291968     119292032     119292096     119292160     119292224     119292288     119292352        
119292416     119292480     119292544     119292608     119292672     119292736     119292800     119292864        
119292928     119292992     119293056     119293120     119293184     119293248     119293312     119293376        
119293440     119293504     119293568     119293632     119293696     119293760     119293824     119293888        
119293952     119294016     119294080     119294144     119294208     119294272     119294336     119294400        
119294464     119294528     119294592     119294656     119294720     119294784     119294848     119294912        
119294976     119295040     119295104     119295168     119295232     119295296     119295360     119295424        
119295488     119295552     119295616     119295680     119295744     119295808     119295872     119295936        
